Name	Coefficient	Coefficient_std_error	Coefficient_P_value
CNS_surface_associated_glial_cell	2.0833904988874945e-05	5.182380643529153e-06	2.908156253282674e-05
female_reproductive_system	2.4359918467399902e-05	6.123272251043662e-06	3.4711924136801846e-05
polar_follicle_cell	1.867251470426993e-05	5.18759731227559e-06	0.00015944339438993542
adult_hindgut	1.820081568721299e-05	5.261409665779987e-06	0.00027078660267556193
enteroendocrine_cell	1.9518035074148987e-05	5.647068552830584e-06	0.0002738097619864392
pericerebral_adult_fat_mass	2.0668842055673727e-05	6.197042403353577e-06	0.00042607505382556975
adult_fat_body_head	2.248841349086321e-05	6.746469465166028e-06	0.00042901874253850917
epidermal_cell_that_specialized_in_antimicrobial_response	2.1705538766151395e-05	6.93726151757345e-06	0.0008775075322410839
epithelial_cell_body	1.823717110262255e-05	6.006653937643921e-06	0.0011980551403345788
oviduct	1.907375152076418e-05	6.315711135448604e-06	0.001263672654625683
perineurial_glial_sheath	1.3499270529460506e-05	5.256452056853073e-06	0.005112388749881955
stalk_follicle_cell	1.4095331538535943e-05	5.5297847607397196e-06	0.005401866592467903
escort_cell	1.223198918148317e-05	4.819576876247894e-06	0.005574719576453461
hemocyte_head	1.606056666240531e-05	6.562852544785523e-06	0.0071986864689596725
adult_fat_body_body	1.5445457201765368e-05	6.4235195647132846e-06	0.008096943027163607
adult_brain_perineurial_glial_cell	1.2916203804527507e-05	5.4049812751849326e-06	0.008431409604296305
hemocyte_body	1.5056132096618096e-05	6.443842457505726e-06	0.009732218326602765
seminal_vesicle___testis_epithelia	1.356436869028093e-05	5.821909389758536e-06	0.009906163450107187
epithelial_cell_head	1.3959078297682185e-05	6.048021619176779e-06	0.010498444507491614
male_accessory_gland_main_cell	1.517575256371704e-05	6.615978435892348e-06	0.01090090252598044
follicle_stem_cell_and_prefollicle_cell	1.2234967045892381e-05	5.364764585125444e-06	0.011285594822865782
adult_tracheal_cell	1.3885881127853982e-05	6.099336408153298e-06	0.011404415373894392
antimicrobial_peptide-producing_cell	1.2364037091673886e-05	5.519624434416655e-06	0.012545000625627037
enteroblast	1.2232084886785105e-05	5.575380094703705e-06	0.014119632851954413
adult_salivary_gland	1.2519905850730585e-05	5.719065265189126e-06	0.014292879972154946
midgut_large_flat_cell	1.2133692109137409e-05	5.589636758476826e-06	0.01497511808961584
spermatid	1.3050555015439071e-05	6.078558818379061e-06	0.01589736618988302
cyst_cell	1.088044288769033e-05	5.223553418461509e-06	0.018627521620540273
young_germ_cell	1.5525447148197895e-05	7.669857330877266e-06	0.021473971231041288
optic-lobe-associated_cortex_glial_cell	1.1794955205397983e-05	5.838711768156212e-06	0.021684966585894704
proximal_medullary_amacrine_neuron_Pm2	1.1890410132801281e-05	5.950671914191953e-06	0.022849516764875424
eo_support_cell	1.1503898290185881e-05	5.806561186132436e-06	0.023785010858502625
adult_glial_cell	1.1738147648587873e-05	6.039108365213965e-06	0.025966491454391998
adult_midgut_enterocyte	1.081651868663431e-05	5.568979337611052e-06	0.02605159014730957
adult_oenocyte	1.3720149404442337e-05	7.070694207573852e-06	0.02616405102465773
medullary_intrinsic_neuron_Mi9	1.0108076546588557e-05	5.402460565533213e-06	0.030671606266568688
follicle_cell	1.1779837301576055e-05	6.320403498766486e-06	0.031176350879352235
cone_cell	9.681581427377401e-06	5.292858459345283e-06	0.03368645688478392
copper_cell	1.0230648594434674e-05	5.665494603165658e-06	0.03547619330593741
crop	1.0938457327011258e-05	6.064868585029937e-06	0.03564882427543935
adult_brain_cell_body_glial_cell	1.0019315826038296e-05	5.578057685260922e-06	0.036231234644386996
principal_cell	9.923196902175577e-06	5.66858913319205e-06	0.04001099434056879
adult_midgut-hindgut_hybrid_zone	8.602782793510584e-06	4.925513084739602e-06	0.0403554592606962
enterocyte-like	1.069570889329795e-05	6.1615786942069585e-06	0.041293278430627356
pigment_cell	9.235342436720136e-06	5.340535435415567e-06	0.04187847020441405
ejaculatory_bulb	1.0727659094444021e-05	6.262122103160786e-06	0.04334681178174188
T_neuron_T4_T5a-b	8.15926430249608e-06	4.906203915855441e-06	0.04815117528929222
mechanosensory_neuron_of_haltere	8.637579934639782e-06	5.2079598356971615e-06	0.04860483681492057
Poxn_neuron	7.830709407676824e-06	4.762020252991857e-06	0.05004586400144514
distal_medullary_amacrine_neuron_Dm10	8.469280818256748e-06	5.1592799973696215e-06	0.05034034730026888
adult_lamina_epithelial_marginal_glial_cell	8.320527573367642e-06	5.070782584469035e-06	0.05041153536020538
male_accessory_gland_secondary_cell	9.791051955416135e-06	6.013536526088006e-06	0.05174455969167114
adult_Malpighian_tubule_principal_cell	9.079650329051704e-06	5.7456770647958295e-06	0.05702393323617503
transmedullary_neuron_Tm29	9.083622554496249e-06	5.8132873908855985e-06	0.0590778142807868
subperineurial_glial_cell_head	9.925003977891622e-06	6.416966402871289e-06	0.06097001890955802
distal_medullary_amacrine_neuron_Dm8	7.3273793513612965e-06	4.868376921345828e-06	0.06614957400235325
adult_differentiating_enterocyte	8.915520029877369e-06	6.070848784736286e-06	0.07097352963391967
enterocyte_of_anterior_adult_midgut_epithelium	8.018754661960473e-06	5.643224690557248e-06	0.07766527336397816
neuron_14	7.954639201385343e-06	5.6592092978235686e-06	0.07992003444704687
adult_Malpighian_tubule_principal_cell_of_initial_segment	7.550654257683334e-06	5.672702156181966e-06	0.09158616217652704
adult_heart_ventral_longitudinal_muscle	7.478172894895336e-06	5.631871985400151e-06	0.09211701028856184
subperineurial_glial_cell_body	7.856415727309928e-06	6.013244431241786e-06	0.09568812809195248
enterocyte_of_posterior_adult_midgut_epithelium	6.510230440054557e-06	5.06435122578314e-06	0.09930856911278269
prefollicle_cell_stalk_follicle_cell	6.842985652383575e-06	5.387847633281391e-06	0.10202845982373715
cardia__2	6.993450659370542e-06	5.5627879375944885e-06	0.10434342096741045
intestinal_stem_cell	6.948065154041768e-06	5.549949182980637e-06	0.10530040202381552
visceral_muscle_of_the_midgut	6.342585017473608e-06	5.149201932233983e-06	0.1090192279088224
adult_Malpighian_tubule_stellate_cell_of_main_segment	6.2865656499725246e-06	5.187805969681642e-06	0.11279512453532092
adult_reticular_neuropil_associated_glial_cell_body	6.726722295947452e-06	5.726178371082646e-06	0.12005106980981567
cardia__1	6.351057150705382e-06	5.4190065919566475e-06	0.12059921617622255
cell_body_glial_cell	6.535128860995462e-06	5.650142928995288e-06	0.12371163369159216
distal_medullary_amacrine_neuron_Dm3	5.880695722547365e-06	5.151531276828761e-06	0.12682196366975657
olfactory_receptor_neuron	5.9793488809393375e-06	5.424087978286112e-06	0.13515054371827584
adult_Malpighian_tubule_principal_cell_of_lower_ureter	6.316976419445904e-06	5.736615450865648e-06	0.13541180882946824
medullary_intrinsic_neuron_Mi4	6.242454172736949e-06	6.0663215865718065e-06	0.15173173269253915
adult_optic_chiasma_glial_cell	5.3181892946706355e-06	5.2853684219304826e-06	0.15715733895477213
skeletal_muscle_of_head	4.90085482797022e-06	4.903051241001637e-06	0.15876367349854575
anterior_ejaculatory_duct	6.477557667638662e-06	6.495988691567239e-06	0.1593427697588375
lamina_monopolar_neuron_L5	5.596408356397124e-06	5.801218227953673e-06	0.16734870785379674
neuron_10	5.786711648689272e-06	6.132544688448586e-06	0.1726852755454102
lamina_monopolar_neuron_L2	5.652299114662846e-06	6.288340104388003e-06	0.1843652392225617
adult_Malpighian_tubule_principal_cell_of_lower_segment	4.747755631312504e-06	5.735777539437902e-06	0.20390773823722796
transmedullary_Y_neuron_TmY14	4.436208189238451e-06	5.384696012512555e-06	0.20501100475593653
T_neuron_T4_T5	4.737166679249725e-06	5.8492426464118085e-06	0.2090054560287628
lobula_columnar_neuron_LC12	4.8427495112829945e-06	6.004012627651474e-06	0.2099526659830812
adult_ventral_nervous_system	3.992830770336836e-06	5.026172185567056e-06	0.21347901028326804
neuron_17	4.189454086326745e-06	5.4217156750365955e-06	0.2198448208278918
gustatory_receptor_neuron	4.076557695632634e-06	5.355577840099694e-06	0.223274839418019
adult_peripheral_nervous_system	4.11481090702009e-06	5.476726597932606e-06	0.22622803296490163
proximal_medullary_amacrine_neuron_Pm4	3.5770131575928926e-06	5.137785543759062e-06	0.243146500723733
spermatocyte	3.962791331494346e-06	6.043390489096913e-06	0.25600112036859235
multidendritic_neuron	3.4774610238907855e-06	5.540126042137535e-06	0.2651047423228272
indirect_flight_muscle	3.7823644638405654e-06	6.042443815256635e-06	0.26566861701350736
cardiomyocyte__working_adult_heart_muscle__non-ostia	2.875042027676273e-06	4.989967160399611e-06	0.2822519925991046
germline_cell	6.642782890367325e-06	1.1774558391316542e-05	0.2863212358590262
unannotated	2.580826822291566e-06	5.05494790306823e-06	0.3048314922106085
neuron_4	3.070975491627955e-06	6.037749031664699e-06	0.3055060768930047
pheromone-sensing_neuron	2.865327807593895e-06	5.67364754091695e-06	0.3067710124596289
T_neuron_T2	2.6894087536419298e-06	5.4889475953281076e-06	0.3120782664577382
posterior_midgut	2.525822834148652e-06	5.387585925123925e-06	0.319598169569602
transmedullary_neuron_Tm4	2.6016011588744865e-06	5.896473624516966e-06	0.32952938039141416
auditory_sensory_neuron	2.210730138115238e-06	5.021743364276943e-06	0.3298846859044023
centrifugal_neuron_C2	2.3674393625223756e-06	5.661433915049405e-06	0.3379115727985827
T_neuron_T4_T5c-d	2.1212079437585326e-06	5.151134711401092e-06	0.34024509759413984
ensheathing_glial_cell	2.2835293449391693e-06	5.7700520659819375e-06	0.3461427356626662
neuron_6	2.2852870812385948e-06	6.288266571447969e-06	0.3581452704706959
lobula_columnar_neuron_LC10	1.8864309972228348e-06	5.725202863710183e-06	0.3708904378346063
adult_reticular_neuropil_associated_glial_cell_head	1.6379696107820423e-06	5.3721178832107735e-06	0.38022038744791886
neuron_2	1.5742062614818148e-06	5.254138387708684e-06	0.3822363216313851
16-cell_germline_cyst_in_germarium_region_2a_and_2b	1.7541099027891262e-06	6.062131151829223e-06	0.38615474111169557
distal_medullary_amacrine_neuron_Dm9	1.50502893803797e-06	5.408486237084651e-06	0.3904018795554367
neuron_5	1.3704762744775849e-06	5.366604961252867e-06	0.39921821164557963
lamina_intrinsic_amacrine_neuron_Lai	1.3639207932272879e-06	5.373283052494581e-06	0.39981198439042176
transmedullary_Y_neuron_TmY8	1.278218747197033e-06	5.499202838104876e-06	0.4080992690137697
visceral_muscle_of_the_crop	1.2238811156368545e-06	5.291562339368155e-06	0.4085450758751282
Johnston_organ_neuron	1.0766947488251378e-06	5.212773889109744e-06	0.4181809331891541
lamina_wide-field_2_neuron	1.055771844989096e-06	5.509872674856784e-06	0.4240220671205209
transmedullary_Y_neuron_TmY4	9.433440845724592e-07	5.252476625801251e-06	0.42873335595940987
photoreceptor_cell_R7	8.3545762440169e-07	5.471767480723767e-06	0.439323287034071
ejaculatory_bulb_epithelium	7.770738522687821e-07	5.711306868350813e-06	0.4458873784062962
T_neuron_T3	6.906005531758622e-07	5.536836653698893e-06	0.45036930250265955
scolopidial_neuron	6.186439774875097e-07	5.364355214991787e-06	0.4540937829665994
transmedullary_neuron_Tm5c	6.197806944151388e-07	5.511970771655981e-06	0.4552362131888905
photoreceptor_cell_R8	6.564369096050831e-07	6.086325499628419e-06	0.4570555996946498
outer_photoreceptor_cell	5.493859836592531e-07	5.755018490754421e-06	0.4619739078029939
transmedullary_neuron_Tm9	3.638478512683699e-07	5.548130987648971e-06	0.47385600429332786
adult_alary_muscle	3.5500651261479245e-07	6.011078360209056e-06	0.4764526743207689
transmedullary_neuron_Tm20	3.121537428331779e-07	5.549838875740282e-06	0.4775730972542828
lamina_monopolar_neuron_L4	3.894083550177366e-08	6.2845489738770546e-06	0.4975280570854318
lobula_columnar_neuron_LC17	1.0026426480315977e-08	5.628173214918865e-06	0.49928929633544467
transmedullary_neuron_Tm2	-7.493834018916462e-08	5.745297559052637e-06	0.5052034249456231
neuron_15	-2.2905342871545702e-07	5.6290906688596136e-06	0.5162288887960625
columnar_neuron_T1	-3.175864493485147e-07	5.633811916618995e-06	0.5224770712035484
antennal_lobe_projection_neuron	-3.13785946616786e-07	5.520645066160756e-06	0.5226631325125588
dopaminergic_PAM_neuron	-3.792027590057595e-07	5.194667190148633e-06	0.5290963326369457
centrifugal_neuron_C3	-6.207775028037127e-07	5.529495118865668e-06	0.5446939799905597
neuron_13	-7.136305480617178e-07	5.162807548826717e-06	0.5549688140651776
lamina_wide-field_1_neuron	-7.422827961700996e-07	5.369188950221836e-06	0.5549780223424057
distal_medullary_amacrine_neuron_Dm12	-8.362341933791307e-07	5.377834780571111e-06	0.5617850220675693
neuron_7	-9.04709479086715e-07	5.5495223956918455e-06	0.5647505245978728
neuron_1	-1.0082656786836597e-06	5.905023081951213e-06	0.5677886943763522
ocellus_retinula_cell	-9.55274808232835e-07	5.267873515070581e-06	0.5719495420698284
neuron_12	-1.0600228011786033e-06	5.187466771610122e-06	0.5809572861543797
transmedullary_neuron_Tm1	-1.1543288895281132e-06	5.570529151301165e-06	0.5820812448066435
neuron_9	-1.2029144364034632e-06	5.622527562013028e-06	0.5847052187656385
transmedullary_neuron_Tm3a	-1.6105161823789982e-06	5.88693936792996e-06	0.6077941633136714
lamina_monopolar_neuron_L3	-1.7914916131355207e-06	6.059309062933952e-06	0.6162548927866697
transmedullary_Y_neuron_TmY5a	-1.933663367044359e-06	5.783420151970675e-06	0.6309407569078813
lamina_monopolar_neuron_L1	-2.394013315127642e-06	5.993218731933874e-06	0.6552205286041553
T_neuron_T2a	-2.359747849003304e-06	5.8029138489153176e-06	0.6578670184168839
neuron_11	-2.7569463563017354e-06	5.56891002425822e-06	0.6897212274829354
leg_muscle_motor_neuron	-2.7201827000445363e-06	5.267037826200176e-06	0.697231317036487
neuron_16	-3.5305863408320368e-06	5.54809399160865e-06	0.7377291702998021
gamma_Kenyon_cell	-3.595290965017317e-06	5.342715311174779e-06	0.7495051322997291
Kenyon_cell	-3.918459113149022e-06	5.661346220187065e-06	0.7555761215720924
neuron_3	-4.934560419774791e-06	5.542635410541407e-06	0.8133452704999099
neuron_8	-5.0622150347477875e-06	5.662339558218042e-06	0.814342997979407
octopaminergic_tyraminergic_neuron	-4.8894066894703305e-06	5.461359707616782e-06	0.8146793563639344
medullary_intrinsic_neuron_Mi1	-5.582290782198468e-06	5.917989649386697e-06	0.8272298310246214
muscle_cell	-5.346665502898557e-06	5.2662595509656505e-06	0.8450109847866909
alpha_beta_Kenyon_cell	-8.731080634081348e-06	6.155894426733013e-06	0.9219525631410146
medullary_intrinsic_neuron_Mi15	-7.942544996336595e-06	5.539202079178845e-06	0.9241965882458213
alpha__beta__Kenyon_cell	-1.0112648941138867e-05	5.945530862302027e-06	0.9555174661148811
